Date,Close
2014-01-02,96.18000030517578
2014-01-03,96.18000030517578
2014-01-06,96.05999755859376
2014-01-07,96.23999786376952
2014-01-08,95.6999969482422
2014-01-09,95.5199966430664
2014-01-10,95.27999877929688
2014-01-13,95.22000122070312
2014-01-14,95.5199966430664
2014-01-15,95.4000015258789
2014-01-16,95.63999938964844
2014-01-17,95.27999877929688
2014-01-21,96.3000030517578
2014-01-22,96.66000366210938
2014-01-23,96.77999877929688
2014-01-24,96.36000061035156
2014-01-27,96.0
2014-01-28,96.3000030517578
2014-01-29,96.23999786376952
2014-01-30,96.54000091552734
2014-01-31,97.0199966430664
2014-02-03,96.72000122070312
2014-02-04,96.12000274658205
2014-02-05,96.4800033569336
2014-02-06,97.0199966430664
2014-02-07,96.41999816894533
2014-02-10,95.94000244140624
2014-02-11,96.36000061035156
2014-02-12,96.41999816894533
2014-02-13,96.66000366210938
2014-02-14,96.66000366210938
2014-02-18,96.54000091552734
2014-02-19,95.94000244140624
2014-02-20,95.58000183105467
2014-02-21,95.5199966430664
2014-02-24,95.0999984741211
2014-02-25,95.27999877929688
2014-02-26,96.12000274658205
2014-02-27,96.05999755859376
2014-02-28,95.45999908447266
2014-03-03,95.6999969482422
2014-03-04,95.94000244140624
2014-03-05,96.05999755859376
2014-03-06,96.0
2014-03-07,96.0
2014-03-10,95.76000213623048
2014-03-11,95.63999938964844
2014-03-12,95.45999908447266
2014-03-13,95.27999877929688
2014-03-14,95.63999938964844
2014-03-17,96.05999755859376
2014-03-18,96.4800033569336
2014-03-19,95.81999969482422
2014-03-20,95.45999908447266
2014-03-21,95.87999725341795
2014-03-24,95.58000183105467
2014-03-25,95.45999908447266
2014-03-26,95.58000183105467
2014-03-27,95.87999725341795
2014-03-28,96.3000030517578
2014-03-31,96.83999633789062
2014-04-01,97.55999755859376
2014-04-02,97.68000030517578
2014-04-03,97.73999786376952
2014-04-04,97.91999816894533
2014-04-07,97.1999969482422
2014-04-08,97.73999786376952
2014-04-09,97.73999786376952
2014-04-10,97.37999725341795
2014-04-11,97.91999816894533
2014-04-14,98.22000122070312
2014-04-15,98.0999984741211
2014-04-16,98.5199966430664
2014-04-17,99.12000274658205
2014-04-21,99.66000366210938
2014-04-22,99.72000122070312
2014-04-23,99.5999984741211
2014-04-24,99.3000030517578
2014-04-25,98.81999969482422
2014-04-28,99.12000274658205
2014-04-29,99.72000122070312
2014-04-30,99.5999984741211
2014-05-01,100.08000183105467
2014-05-02,100.37999725341795
2014-05-05,101.16000366210938
2014-05-06,100.86000061035156
2014-05-07,99.83999633789062
2014-05-08,99.3000030517578
2014-05-09,98.94000244140624
2014-05-12,99.23999786376952
2014-05-13,99.0
2014-05-14,99.41999816894533
2014-05-15,99.41999816894533
2014-05-16,99.4800033569336
2014-05-19,99.23999786376952
2014-05-20,99.54000091552734
2014-05-21,99.54000091552734
2014-05-22,100.1999969482422
2014-05-23,99.9000015258789
2014-05-27,99.9000015258789
2014-05-28,99.95999908447266
2014-05-29,99.95999908447266
2014-05-30,100.44000244140624
2014-06-02,100.86000061035156
2014-06-03,100.62000274658205
2014-06-04,100.8000030517578
2014-06-05,100.9800033569336
2014-06-06,101.63999938964844
2014-06-09,101.6999969482422
2014-06-10,101.58000183105467
2014-06-11,101.45999908447266
2014-06-12,101.0999984741211
2014-06-13,101.22000122070312
2014-06-16,101.87999725341795
2014-06-17,101.58000183105467
2014-06-18,100.9800033569336
2014-06-19,102.12000274658205
2014-06-20,101.63999938964844
2014-06-23,102.4800033569336
2014-06-24,102.83999633789062
2014-06-25,103.08000183105467
2014-06-26,103.13999938964844
2014-06-27,103.5
2014-06-30,103.9800033569336
2014-07-01,104.27999877929688
2014-07-02,103.91999816894533
2014-07-03,103.31999969482422
2014-07-07,102.41999816894533
2014-07-08,102.05999755859376
2014-07-09,102.77999877929688
2014-07-10,102.66000366210938
2014-07-11,102.95999908447266
2014-07-14,102.72000122070312
2014-07-15,102.95999908447266
2014-07-16,103.55999755859376
2014-07-17,103.62000274658205
2014-07-18,103.5
2014-07-21,103.68000030517578
2014-07-22,104.16000366210938
2014-07-23,104.27999877929688
2014-07-24,104.04000091552734
2014-07-25,103.73999786376952
2014-07-28,103.68000030517578
2014-07-29,103.55999755859376
2014-07-30,102.77999877929688
2014-07-31,101.58000183105467
2014-08-01,101.27999877929688
2014-08-04,102.4800033569336
2014-08-05,101.27999877929688
2014-08-06,100.91999816894533
2014-08-07,99.5999984741211
2014-08-08,99.77999877929688
2014-08-11,101.94000244140624
2014-08-12,101.58000183105467
2014-08-13,102.05999755859376
2014-08-14,102.5999984741211
2014-08-15,103.13999938964844
2014-08-18,103.26000213623048
2014-08-19,103.5
2014-08-20,103.9800033569336
2014-08-21,103.91999816894533
2014-08-22,103.62000274658205
2014-08-25,104.0999984741211
2014-08-26,104.4000015258789
2014-08-27,104.6999969482422
2014-08-28,104.76000213623048
2014-08-29,105.36000061035156
2014-09-02,105.0
2014-09-03,105.0
2014-09-04,104.58000183105467
2014-09-05,104.81999969482422
2014-09-08,104.87999725341795
2014-09-09,105.05999755859376
2014-09-10,105.0
2014-09-11,104.76000213623048
2014-09-12,103.44000244140624
2014-09-15,103.08000183105467
2014-09-16,103.73999786376952
2014-09-17,103.9800033569336
2014-09-18,104.33999633789062
2014-09-19,104.81999969482422
2014-09-22,103.73999786376952
2014-09-23,103.13999938964844
2014-09-24,103.1999969482422
2014-09-25,102.36000061035156
2014-09-26,103.26000213623048
2014-09-29,103.44000244140624
2014-09-30,104.04000091552734
2014-10-01,103.1999969482422
2014-10-02,103.5
2014-10-03,103.37999725341795
2014-10-06,102.9000015258789
2014-10-07,102.12000274658205
2014-10-08,101.4000015258789
2014-10-09,99.77999877929688
2014-10-10,98.6999969482422
2014-10-13,95.63999938964844
2014-10-14,94.37999725341795
2014-10-15,97.0199966430664
2014-10-16,99.83999633789062
2014-10-17,100.08000183105467
2014-10-20,100.37999725341795
2014-10-21,101.33999633789062
2014-10-22,100.8000030517578
2014-10-23,101.58000183105467
2014-10-24,101.81999969482422
2014-10-27,101.63999938964844
2014-10-28,101.81999969482422
2014-10-29,101.76000213623048
2014-10-30,100.73999786376952
2014-10-31,101.0999984741211
2014-11-03,101.58000183105467
2014-11-04,100.0199966430664
2014-11-05,100.55999755859376
2014-11-06,100.62000274658205
2014-11-07,100.31999969482422
2014-11-10,99.77999877929688
2014-11-11,99.4800033569336
2014-11-12,99.72000122070312
2014-11-13,99.18000030517578
2014-11-14,100.13999938964844
2014-11-17,100.86000061035156
2014-11-18,101.27999877929688
2014-11-19,101.6999969482422
2014-11-20,102.23999786376952
2014-11-21,102.23999786376952
2014-11-24,101.5199966430664
2014-11-25,101.27999877929688
2014-11-26,102.0
2014-11-28,98.87999725341795
2014-12-01,95.63999938964844
2014-12-02,97.5
2014-12-03,98.45999908447266
2014-12-04,98.76000213623048
2014-12-05,97.9800033569336
2014-12-08,94.68000030517578
2014-12-09,95.16000366210938
2014-12-10,92.76000213623048
2014-12-11,92.87999725341795
2014-12-12,92.27999877929688
2014-12-15,90.72000122070312
2014-12-16,91.73999786376952
2014-12-17,94.55999755859376
2014-12-18,94.9800033569336
2014-12-19,94.91999816894533
2014-12-22,94.8000030517578
2014-12-23,95.81999969482422
2014-12-24,95.63999938964844
2014-12-26,95.58000183105467
2014-12-29,96.12000274658205
2014-12-30,96.18000030517578
2014-12-31,95.63999938964844
2015-01-02,96.5999984741211
2015-01-05,94.08000183105467
2015-01-06,93.12000274658205
2015-01-07,92.94000244140624
2015-01-08,93.66000366210938
2015-01-09,93.66000366210938
2015-01-12,91.55999755859376
2015-01-13,89.58000183105469
2015-01-14,90.54000091552734
2015-01-15,91.31999969482422
2015-01-16,93.12000274658205
2015-01-20,93.12000274658205
2015-01-21,94.62000274658205
2015-01-22,94.55999755859376
2015-01-23,94.44000244140624
2015-01-26,94.9800033569336
2015-01-27,94.26000213623048
2015-01-28,93.3000030517578
2015-01-29,93.12000274658205
2015-01-30,93.83999633789062
2015-02-02,94.55999755859376
2015-02-03,95.45999908447266
2015-02-04,94.8000030517578
2015-02-05,95.76000213623048
2015-02-06,94.1999969482422
2015-02-09,93.41999816894533
2015-02-10,93.54000091552734
2015-02-11,92.4000015258789
2015-02-12,93.36000061035156
2015-02-13,93.77999877929688
2015-02-17,94.13999938964844
2015-02-18,93.95999908447266
2015-02-19,93.77999877929688
2015-02-20,94.44000244140624
2015-02-23,93.95999908447266
2015-02-24,93.77999877929688
2015-02-25,94.26000213623048
2015-02-26,93.23999786376952
2015-02-27,93.36000061035156
2015-03-02,92.87999725341795
2015-03-03,93.41999816894533
2015-03-04,93.18000030517578
2015-03-05,93.41999816894533
2015-03-06,92.33999633789062
2015-03-09,91.26000213623048
2015-03-10,91.5
2015-03-11,90.4800033569336
2015-03-12,90.3000030517578
2015-03-13,89.76000213623047
2015-03-16,89.58000183105469
2015-03-17,89.69999694824219
2015-03-18,90.77999877929688
2015-03-19,90.41999816894533
2015-03-20,90.66000366210938
2015-03-23,91.68000030517578
2015-03-24,90.9000015258789
2015-03-25,90.36000061035156
2015-03-26,91.08000183105467
2015-03-27,90.23999786376952
2015-03-30,91.37999725341795
2015-03-31,91.31999969482422
2015-04-01,91.1999969482422
2015-04-02,91.1999969482422
2015-04-06,91.55999755859376
2015-04-07,91.68000030517578
2015-04-08,91.73999786376952
2015-04-09,91.9800033569336
2015-04-10,92.33999633789062
2015-04-13,92.0999984741211
2015-04-14,92.58000183105467
2015-04-15,93.18000030517578
2015-04-16,93.41999816894533
2015-04-17,93.0
2015-04-20,93.12000274658205
2015-04-21,92.87999725341795
2015-04-22,92.81999969482422
2015-04-23,93.4800033569336
2015-04-24,93.77999877929688
2015-04-27,93.77999877929688
2015-04-28,93.72000122070312
2015-04-29,94.37999725341795
2015-04-30,94.5
2015-05-01,94.62000274658205
2015-05-04,94.5
2015-05-05,94.8000030517578
2015-05-06,94.0199966430664
2015-05-07,91.55999755859376
2015-05-08,91.8000030517578
2015-05-11,91.37999725341795
2015-05-12,91.62000274658205
2015-05-13,92.33999633789062
2015-05-14,92.6999969482422
2015-05-15,92.76000213623048
2015-05-18,93.12000274658205
2015-05-19,92.87999725341795
2015-05-20,92.58000183105467
2015-05-21,92.63999938964844
2015-05-22,92.6999969482422
2015-05-26,92.16000366210938
2015-05-27,92.22000122070312
2015-05-28,91.5
2015-05-29,91.1999969482422
2015-06-01,91.13999938964844
2015-06-02,91.1999969482422
2015-06-03,90.18000030517578
2015-06-04,89.76000213623047
2015-06-05,89.76000213623047
2015-06-08,89.33999633789062
2015-06-09,89.58000183105469
2015-06-10,89.0999984741211
2015-06-11,89.22000122070312
2015-06-12,88.86000061035156
2015-06-15,89.76000213623047
2015-06-16,89.5199966430664
2015-06-17,89.76000213623047
2015-06-18,89.63999938964844
2015-06-19,88.68000030517578
2015-06-22,88.86000061035156
2015-06-23,88.73999786376953
2015-06-24,88.37999725341797
2015-06-25,87.66000366210938
2015-06-26,87.12000274658203
2015-06-29,85.55999755859375
2015-06-30,85.0199966430664
2015-07-01,83.81999969482422
2015-07-02,85.08000183105469
2015-07-06,83.94000244140625
2015-07-07,86.27999877929688
2015-07-08,84.30000305175781
2015-07-09,84.83999633789062
2015-07-10,85.91999816894531
2015-07-13,86.94000244140625
2015-07-14,87.54000091552734
2015-07-15,85.9800033569336
2015-07-16,84.83999633789062
2015-07-17,83.63999938964844
2015-07-20,81.9000015258789
2015-07-21,81.5999984741211
2015-07-22,79.5
2015-07-23,79.44000244140625
2015-07-24,80.16000366210938
2015-07-27,80.69999694824219
2015-07-28,83.04000091552734
2015-07-29,84.77999877929688
2015-07-30,83.81999969482422
2015-07-31,83.0999984741211
2015-08-03,81.18000030517578
2015-08-04,80.33999633789062
2015-08-05,76.19999694824219
2015-08-06,75.54000091552734
2015-08-07,73.9800033569336
2015-08-10,76.37999725341797
2015-08-11,76.55999755859375
2015-08-12,78.5999984741211
2015-08-13,77.63999938964844
2015-08-14,78.23999786376953
2015-08-17,79.5
2015-08-18,78.66000366210938
2015-08-19,77.4000015258789
2015-08-20,75.54000091552734
2015-08-21,73.68000030517578
2015-08-24,71.58000183105469
2015-08-25,71.58000183105469
2015-08-26,72.23999786376953
2015-08-27,76.19999694824219
2015-08-28,77.27999877929688
2015-08-31,76.62000274658203
2015-09-01,74.81999969482422
2015-09-02,75.4800033569336
2015-09-03,75.66000366210938
2015-09-04,75.12000274658203
2015-09-08,75.18000030517578
2015-09-09,74.04000091552734
2015-09-10,74.0999984741211
2015-09-11,71.76000213623047
2015-09-14,71.22000122070312
2015-09-15,71.0999984741211
2015-09-16,71.81999969482422
2015-09-17,72.18000030517578
2015-09-18,71.94000244140625
2015-09-21,72.30000305175781
2015-09-22,70.91999816894531
2015-09-23,68.27999877929688
2015-09-24,67.62000274658203
2015-09-25,67.37999725341797
2015-09-28,63.2400016784668
2015-09-29,59.400001525878906
2015-09-30,64.91999816894531
2015-10-01,67.62000274658203
2015-10-02,69.77999877929688
2015-10-05,72.05999755859375
2015-10-06,71.63999938964844
2015-10-07,73.19999694824219
2015-10-08,73.91999816894531
2015-10-09,74.22000122070312
2015-10-12,72.77999877929688
2015-10-13,71.45999908447266
2015-10-14,71.69999694824219
2015-10-15,72.72000122070312
2015-10-16,73.31999969482422
2015-10-19,72.36000061035156
2015-10-20,72.23999786376953
2015-10-21,70.73999786376953
2015-10-22,68.94000244140625
2015-10-23,68.5199966430664
2015-10-26,66.77999877929688
2015-10-27,65.63999938964844
2015-10-28,68.27999877929688
2015-10-29,69.5999984741211
2015-10-30,70.13999938964844
2015-11-02,71.0999984741211
2015-11-03,73.26000213623047
2015-11-04,70.80000305175781
2015-11-05,70.37999725341797
2015-11-06,67.80000305175781
2015-11-09,67.13999938964844
2015-11-10,67.08000183105469
2015-11-11,65.69999694824219
2015-11-12,63.65999984741211
2015-11-13,63.720001220703125
2015-11-16,66.23999786376953
2015-11-17,65.4000015258789
2015-11-18,65.81999969482422
2015-11-19,64.86000061035156
2015-11-20,63.0
2015-11-23,62.63999938964844
2015-11-24,63.84000015258789
2015-11-25,63.41999816894531
2015-11-27,63.119998931884766
2015-11-30,63.59999847412109
2015-12-01,62.52000045776367
2015-12-02,60.959999084472656
2015-12-03,58.91999816894531
2015-12-04,56.52000045776367
2015-12-07,53.27999877929688
2015-12-08,54.2400016784668
2015-12-09,58.97999954223633
2015-12-10,57.65999984741211
2015-12-11,53.93999862670898
2015-12-14,52.5
2015-12-15,53.220001220703125
2015-12-16,55.31999969482422
2015-12-17,54.119998931884766
2015-12-18,54.2400016784668
2015-12-21,56.52000045776367
2015-12-22,58.7400016784668
2015-12-23,62.220001220703125
2015-12-24,62.15999984741211
2015-12-28,60.900001525878906
2015-12-29,60.36000061035156
2015-12-30,59.58000183105469
2015-12-31,62.34000015258789
2016-01-04,63.36000061035156
2016-01-05,62.7599983215332
2016-01-06,59.52000045776367
2016-01-07,56.400001525878906
2016-01-08,57.0
2016-01-11,54.119998931884766
2016-01-12,53.81999969482422
2016-01-13,50.81999969482422
2016-01-14,54.0
2016-01-15,51.36000061035156
2016-01-19,48.41999816894531
2016-01-20,44.880001068115234
2016-01-21,47.459999084472656
2016-01-22,51.47999954223633
2016-01-25,50.15999984741211
2016-01-26,51.900001525878906
2016-01-27,51.47999954223633
2016-01-28,53.70000076293945
2016-01-29,54.18000030517578
2016-02-01,53.459999084472656
2016-02-02,52.5
2016-02-03,53.34000015258789
2016-02-04,54.720001220703125
2016-02-05,51.84000015258789
2016-02-08,47.58000183105469
2016-02-09,45.18000030517578
2016-02-10,45.65999984741211
2016-02-11,43.43999862670898
2016-02-12,46.08000183105469
2016-02-16,48.900001525878906
2016-02-17,51.36000061035156
2016-02-18,52.02000045776367
2016-02-19,50.880001068115234
2016-02-22,53.58000183105469
2016-02-23,51.59999847412109
2016-02-24,52.68000030517578
2016-02-25,52.13999938964844
2016-02-26,52.91999816894531
2016-02-29,53.880001068115234
2016-03-01,53.93999862670898
2016-03-02,55.7400016784668
2016-03-03,57.36000061035156
2016-03-04,57.060001373291016
2016-03-07,58.86000061035156
2016-03-08,55.43999862670898
2016-03-09,55.7400016784668
2016-03-10,55.380001068115234
2016-03-11,56.400001525878906
2016-03-14,56.400001525878906
2016-03-15,55.7400016784668
2016-03-16,58.43999862670898
2016-03-17,59.81999969482422
2016-03-18,59.220001220703125
2016-03-21,58.08000183105469
2016-03-22,58.91999816894531
2016-03-23,56.459999084472656
2016-03-24,56.220001220703125
2016-03-28,55.560001373291016
2016-03-29,56.040000915527344
2016-03-30,57.65999984741211
2016-03-31,58.560001373291016
2016-04-01,56.81999969482422
2016-04-04,55.7400016784668
2016-04-05,55.02000045776367
2016-04-06,56.63999938964844
2016-04-07,56.81999969482422
2016-04-08,58.31999969482422
2016-04-11,58.560001373291016
2016-04-12,60.59999847412109
2016-04-13,60.77999877929688
2016-04-14,60.65999984741211
2016-04-15,59.70000076293945
2016-04-18,61.5
2016-04-19,63.900001525878906
2016-04-20,65.5199966430664
2016-04-21,65.16000366210938
2016-04-22,66.05999755859375
2016-04-25,65.04000091552734
2016-04-26,64.9800033569336
2016-04-27,66.18000030517578
2016-04-28,65.16000366210938
2016-04-29,66.54000091552734
2016-05-02,65.63999938964844
2016-05-03,64.37999725341797
2016-05-04,64.86000061035156
2016-05-05,65.87999725341797
2016-05-06,64.08000183105469
2016-05-09,63.2400016784668
2016-05-10,63.41999816894531
2016-05-11,64.08000183105469
2016-05-12,64.9800033569336
2016-05-13,64.62000274658203
2016-05-16,66.66000366210938
2016-05-17,67.13999938964844
2016-05-18,65.27999877929688
2016-05-19,66.4800033569336
2016-05-20,67.62000274658203
2016-05-23,67.0199966430664
2016-05-24,66.5999984741211
2016-05-25,67.37999725341797
2016-05-26,66.5999984741211
2016-05-27,66.54000091552734
2016-05-31,66.66000366210938
2016-06-01,68.0999984741211
2016-06-02,68.33999633789062
2016-06-03,68.27999877929688
2016-06-06,69.72000122070312
2016-06-07,70.31999969482422
2016-06-08,69.95999908447266
2016-06-09,69.9000015258789
2016-06-10,68.16000366210938
2016-06-13,67.37999725341797
2016-06-14,66.54000091552734
2016-06-15,67.44000244140625
2016-06-16,67.26000213623047
2016-06-17,67.44000244140625
2016-06-20,68.22000122070312
2016-06-21,69.54000091552734
2016-06-22,69.41999816894531
2016-06-23,70.5
2016-06-24,68.33999633789062
2016-06-27,66.18000030517578
2016-06-28,68.5199966430664
2016-06-29,69.66000366210938
2016-06-30,69.72000122070312
2016-07-01,69.5999984741211
2016-07-05,69.0
2016-07-06,68.5199966430664
2016-07-07,68.58000183105469
2016-07-08,69.12000274658203
2016-07-11,69.05999755859375
2016-07-12,70.68000030517578
2016-07-13,69.9000015258789
2016-07-14,70.73999786376953
2016-07-15,70.13999938964844
2016-07-18,70.55999755859375
2016-07-19,70.37999725341797
2016-07-20,70.9800033569336
2016-07-21,70.31999969482422
2016-07-22,70.73999786376953
2016-07-25,70.19999694824219
2016-07-26,69.83999633789062
2016-07-27,69.54000091552734
2016-07-28,69.36000061035156
2016-07-29,69.95999908447266
2016-08-01,68.0999984741211
2016-08-02,68.4000015258789
2016-08-03,70.0199966430664
2016-08-04,69.83999633789062
2016-08-05,68.87999725341797
2016-08-08,69.5999984741211
2016-08-09,69.23999786376953
2016-08-10,68.76000213623047
2016-08-11,69.0
2016-08-12,69.41999816894531
2016-08-15,69.66000366210938
2016-08-16,69.66000366210938
2016-08-17,69.5999984741211
2016-08-18,70.19999694824219
2016-08-19,69.4800033569336
2016-08-22,69.05999755859375
2016-08-23,69.18000030517578
2016-08-24,68.81999969482422
2016-08-25,68.81999969482422
2016-08-26,68.94000244140625
2016-08-29,68.87999725341797
2016-08-30,68.76000213623047
2016-08-31,68.58000183105469
2016-09-01,68.63999938964844
2016-09-02,69.23999786376953
2016-09-06,69.36000061035156
2016-09-07,69.41999816894531
2016-09-08,69.77999877929688
2016-09-09,68.58000183105469
2016-09-12,68.4000015258789
2016-09-13,66.12000274658203
2016-09-14,66.18000030517578
2016-09-15,65.87999725341797
2016-09-16,65.87999725341797
2016-09-19,66.9000015258789
2016-09-20,66.36000061035156
2016-09-21,68.22000122070312
2016-09-22,69.23999786376953
2016-09-23,68.81999969482422
2016-09-26,69.0
2016-09-27,68.4000015258789
2016-09-28,69.41999816894531
2016-09-29,69.0
2016-09-30,69.66000366210938
2016-10-03,69.0
2016-10-04,68.4000015258789
2016-10-05,68.76000213623047
2016-10-06,68.16000366210938
2016-10-07,68.27999877929688
2016-10-10,69.23999786376953
2016-10-11,68.81999969482422
2016-10-12,68.94000244140625
2016-10-13,68.87999725341797
2016-10-14,68.69999694824219
2016-10-17,68.58000183105469
2016-10-18,69.18000030517578
2016-10-19,69.41999816894531
2016-10-20,69.4800033569336
2016-10-21,69.18000030517578
2016-10-24,69.41999816894531
2016-10-25,68.45999908447266
2016-10-26,68.69999694824219
2016-10-27,68.4000015258789
2016-10-28,67.80000305175781
2016-10-31,66.83999633789062
2016-11-01,66.36000061035156
2016-11-02,65.63999938964844
2016-11-03,64.9800033569336
2016-11-04,64.55999755859375
2016-11-07,63.959999084472656
2016-11-08,63.900001525878906
2016-11-09,65.63999938964844
2016-11-10,66.41999816894531
2016-11-11,65.45999908447266
2016-11-14,66.66000366210938
2016-11-15,67.31999969482422
2016-11-16,66.30000305175781
2016-11-17,66.5999984741211
2016-11-18,67.0199966430664
2016-11-21,67.62000274658203
2016-11-22,67.19999694824219
2016-11-23,67.62000274658203
2016-11-25,67.0199966430664
2016-11-28,65.69999694824219
2016-11-29,65.16000366210938
2016-11-30,67.44000244140625
2016-12-01,66.36000061035156
2016-12-02,66.36000061035156
2016-12-05,66.23999786376953
2016-12-06,66.05999755859375
2016-12-07,66.54000091552734
2016-12-08,66.9000015258789
2016-12-09,66.4800033569336
2016-12-12,66.9000015258789
2016-12-13,67.5
2016-12-14,66.36000061035156
2016-12-15,67.13999938964844
2016-12-16,67.68000030517578
2016-12-19,67.91999816894531
2016-12-20,68.4000015258789
2016-12-21,69.0
2016-12-22,69.4800033569336
2016-12-23,69.83999633789062
2016-12-27,69.72000122070312
2016-12-28,69.4800033569336
2016-12-29,69.36000061035156
2016-12-30,69.41999816894531
2017-01-03,69.95999908447266
2017-01-04,70.13999938964844
2017-01-05,70.26000213623047
2017-01-06,70.55999755859375
2017-01-09,69.9000015258789
2017-01-10,69.36000061035156
2017-01-11,69.95999908447266
2017-01-12,69.77999877929688
2017-01-13,69.95999908447266
2017-01-17,70.31999969482422
2017-01-18,69.9000015258789
2017-01-19,69.66000366210938
2017-01-20,69.77999877929688
2017-01-23,69.72000122070312
2017-01-24,70.91999816894531
2017-01-25,71.69999694824219
2017-01-26,72.4800033569336
2017-01-27,72.12000274658203
2017-01-30,70.91999816894531
2017-01-31,71.16000366210938
2017-02-01,72.05999755859375
2017-02-02,72.36000061035156
2017-02-03,72.41999816894531
2017-02-06,72.66000366210938
2017-02-07,71.22000122070312
2017-02-08,71.04000091552734
2017-02-09,71.27999877929688
2017-02-10,71.33999633789062
2017-02-13,71.4000015258789
2017-02-14,71.81999969482422
2017-02-15,71.94000244140625
2017-02-16,71.45999908447266
2017-02-17,71.16000366210938
2017-02-21,71.69999694824219
2017-02-22,71.04000091552734
2017-02-23,70.80000305175781
2017-02-24,70.26000213623047
2017-02-27,70.08000183105469
2017-02-28,70.37999725341797
2017-03-01,70.9800033569336
2017-03-02,70.86000061035156
2017-03-03,70.91999816894531
2017-03-06,71.16000366210938
2017-03-07,70.80000305175781
2017-03-08,69.9000015258789
2017-03-09,69.4800033569336
2017-03-10,69.41999816894531
2017-03-13,69.54000091552734
2017-03-14,69.0
2017-03-15,69.54000091552734
2017-03-16,69.41999816894531
2017-03-17,68.94000244140625
2017-03-20,68.94000244140625
2017-03-21,68.5199966430664
2017-03-22,68.4000015258789
2017-03-23,68.5199966430664
2017-03-24,68.81999969482422
2017-03-27,68.45999908447266
2017-03-28,68.63999938964844
2017-03-29,69.0
2017-03-30,68.94000244140625
2017-03-31,69.72000122070312
2017-04-03,69.72000122070312
2017-04-04,69.9000015258789
2017-04-05,69.5999984741211
2017-04-06,70.08000183105469
2017-04-07,70.08000183105469
2017-04-10,70.0199966430664
2017-04-11,69.83999633789062
2017-04-12,69.54000091552734
2017-04-13,69.18000030517578
2017-04-17,69.0
2017-04-18,69.12000274658203
2017-04-19,68.87999725341797
2017-04-20,69.05999755859375
2017-04-21,68.87999725341797
2017-04-24,69.23999786376953
2017-04-25,69.9000015258789
2017-04-26,69.72000122070312
2017-04-27,69.18000030517578
2017-04-28,69.30000305175781
2017-05-01,69.41999816894531
2017-05-02,69.18000030517578
2017-05-03,68.69999694824219
2017-05-04,67.19999694824219
2017-05-05,67.31999969482422
2017-05-08,67.19999694824219
2017-05-09,66.77999877929688
2017-05-10,67.44000244140625
2017-05-11,67.31999969482422
2017-05-12,67.44000244140625
2017-05-15,67.73999786376953
2017-05-16,67.55999755859375
2017-05-17,66.66000366210938
2017-05-18,66.66000366210938
2017-05-19,67.44000244140625
2017-05-22,67.68000030517578
2017-05-23,68.04000091552734
2017-05-24,67.80000305175781
2017-05-25,67.26000213623047
2017-05-26,67.0199966430664
2017-05-30,66.05999755859375
2017-05-31,65.87999725341797
2017-06-01,66.18000030517578
2017-06-02,65.58000183105469
2017-06-05,65.5199966430664
2017-06-06,65.81999969482422
2017-06-07,64.62000274658203
2017-06-08,64.0199966430664
2017-06-09,64.5
2017-06-12,64.5
2017-06-13,64.44000244140625
2017-06-14,63.119998931884766
2017-06-15,62.15999984741211
2017-06-16,63.0
2017-06-19,62.459999084472656
2017-06-20,60.84000015258789
2017-06-21,60.540000915527344
2017-06-22,61.20000076293945
2017-06-23,62.58000183105469
2017-06-26,63.65999984741211
2017-06-27,63.29999923706055
2017-06-28,64.44000244140625
2017-06-29,64.86000061035156
2017-06-30,65.5199966430664
2017-07-03,66.4800033569336
2017-07-05,65.69999694824219
2017-07-06,65.4000015258789
2017-07-07,65.45999908447266
2017-07-10,64.9800033569336
2017-07-11,65.04000091552734
2017-07-12,65.69999694824219
2017-07-13,65.76000213623047
2017-07-14,66.4800033569336
2017-07-17,66.4800033569336
2017-07-18,66.72000122070312
2017-07-19,66.72000122070312
2017-07-20,66.12000274658203
2017-07-21,65.63999938964844
2017-07-24,65.76000213623047
2017-07-25,66.30000305175781
2017-07-26,65.94000244140625
2017-07-27,65.87999725341797
2017-07-28,66.0
2017-07-31,66.05999755859375
2017-08-01,66.18000030517578
2017-08-02,66.23999786376953
2017-08-03,65.58000183105469
2017-08-04,64.91999816894531
2017-08-07,63.2400016784668
2017-08-08,63.0
2017-08-09,61.79999923706055
2017-08-10,61.13999938964844
2017-08-11,60.65999984741211
2017-08-14,60.65999984741211
2017-08-15,59.220001220703125
2017-08-16,58.79999923706055
2017-08-17,58.86000061035156
2017-08-18,58.79999923706055
2017-08-21,57.84000015258789
2017-08-22,58.7400016784668
2017-08-23,59.459999084472656
2017-08-24,59.70000076293945
2017-08-25,59.93999862670898
2017-08-28,59.459999084472656
2017-08-29,59.63999938964844
2017-08-30,60.18000030517578
2017-08-31,61.97999954223633
2017-09-01,61.619998931884766
2017-09-05,61.2599983215332
2017-09-06,61.5
2017-09-07,61.43999862670898
2017-09-08,60.959999084472656
2017-09-11,61.08000183105469
2017-09-12,61.380001068115234
2017-09-13,61.79999923706055
2017-09-14,62.040000915527344
2017-09-15,61.68000030517578
2017-09-18,61.79999923706055
2017-09-19,61.380001068115234
2017-09-20,61.20000076293945
2017-09-21,60.77999877929688
2017-09-22,60.84000015258789
2017-09-25,62.15999984741211
2017-09-26,61.91999816894531
2017-09-27,61.68000030517578
2017-09-28,61.31999969482422
2017-09-29,61.7400016784668
2017-10-02,61.97999954223633
2017-10-03,61.91999816894531
2017-10-04,62.09999847412109
2017-10-05,62.63999938964844
2017-10-06,62.63999938964844
2017-10-09,62.220001220703125
2017-10-10,62.34000015258789
2017-10-11,62.52000045776367
2017-10-12,61.97999954223633
2017-10-13,61.380001068115234
2017-10-16,60.77999877929688
2017-10-17,60.36000061035156
2017-10-18,59.27999877929688
2017-10-19,59.63999938964844
2017-10-20,59.09999847412109
2017-10-23,58.20000076293945
2017-10-24,57.84000015258789
2017-10-25,56.459999084472656
2017-10-26,57.36000061035156
2017-10-27,58.31999969482422
2017-10-30,58.619998931884766
2017-10-31,58.43999862670898
2017-11-01,59.58000183105469
2017-11-02,58.380001068115234
2017-11-03,58.7400016784668
2017-11-06,59.52000045776367
2017-11-07,58.86000061035156
2017-11-08,58.02000045776367
2017-11-09,57.84000015258789
2017-11-10,57.540000915527344
2017-11-13,56.459999084472656
2017-11-14,55.43999862670898
2017-11-15,55.7400016784668
2017-11-16,55.560001373291016
2017-11-17,55.79999923706055
2017-11-20,55.97999954223633
2017-11-21,54.959999084472656
2017-11-22,55.380001068115234
2017-11-24,55.20000076293945
2017-11-27,54.41999816894531
2017-11-28,54.18000030517578
2017-11-29,53.880001068115234
2017-11-30,56.58000183105469
2017-12-01,57.41999816894531
2017-12-04,57.119998931884766
2017-12-05,56.7599983215332
2017-12-06,55.7400016784668
2017-12-07,56.7599983215332
2017-12-08,56.880001068115234
2017-12-11,58.13999938964844
2017-12-12,58.68000030517578
2017-12-13,59.040000915527344
2017-12-14,59.400001525878906
2017-12-15,58.79999923706055
2017-12-18,59.459999084472656
2017-12-19,58.68000030517578
2017-12-20,58.380001068115234
2017-12-21,58.560001373291016
2017-12-22,58.91999816894531
2017-12-26,59.27999877929688
2017-12-27,58.97999954223633
2017-12-28,59.34000015258789
2017-12-29,59.15999984741211
2018-01-02,60.41999816894531
2018-01-03,61.97999954223633
2018-01-04,62.52000045776367
2018-01-05,61.97999954223633
2018-01-08,62.34000015258789
2018-01-09,62.52000045776367
2018-01-10,63.0
2018-01-11,63.900001525878906
2018-01-12,64.31999969482422
2018-01-16,64.13999938964844
2018-01-17,63.65999984741211
2018-01-18,63.119998931884766
2018-01-19,63.47999954223633
2018-01-22,64.68000030517578
2018-01-23,64.80000305175781
2018-01-24,64.44000244140625
2018-01-25,64.5
2018-01-26,64.55999755859375
2018-01-29,63.540000915527344
2018-01-30,62.81999969482422
2018-01-31,62.70000076293945
2018-02-01,63.060001373291016
2018-02-02,61.380001068115234
2018-02-05,60.36000061035156
2018-02-06,61.7400016784668
2018-02-07,61.2599983215332
2018-02-08,57.59999847412109
2018-02-09,57.2400016784668
2018-02-12,58.5
2018-02-13,59.15999984741211
2018-02-14,58.97999954223633
2018-02-15,58.43999862670898
2018-02-16,57.77999877929688
2018-02-20,57.720001220703125
2018-02-21,56.7599983215332
2018-02-22,56.15999984741211
2018-02-23,56.52000045776367
2018-02-26,56.63999938964844
2018-02-27,56.220001220703125
2018-02-28,55.08000183105469
2018-03-01,55.20000076293945
2018-03-02,55.20000076293945
2018-03-05,55.619998931884766
2018-03-06,55.380001068115234
2018-03-07,54.900001525878906
2018-03-08,54.84000015258789
2018-03-09,55.68000030517578
2018-03-12,56.63999938964844
2018-03-13,56.70000076293945
2018-03-14,55.7400016784668
2018-03-15,52.79999923706055
2018-03-16,53.459999084472656
2018-03-19,51.59999847412109
2018-03-20,51.18000030517578
2018-03-21,51.900001525878906
2018-03-22,50.7599983215332
2018-03-23,50.400001525878906
2018-03-26,50.63999938964844
2018-03-27,49.86000061035156
2018-03-28,50.040000915527344
2018-03-29,50.93999862670898
2018-04-02,50.459999084472656
2018-04-03,50.70000076293945
2018-04-04,50.63999938964844
2018-04-05,51.41999816894531
2018-04-06,50.58000183105469
2018-04-09,50.459999084472656
2018-04-10,51.900001525878906
2018-04-11,52.68000030517578
2018-04-12,52.20000076293945
2018-04-13,52.20000076293945
2018-04-16,54.59999847412109
2018-04-17,55.380001068115234
2018-04-18,55.02000045776367
2018-04-19,54.2400016784668
2018-04-20,53.93999862670898
2018-04-23,54.84000015258789
2018-04-24,53.93999862670898
2018-04-25,54.47999954223633
2018-04-26,54.540000915527344
2018-04-27,54.540000915527344
2018-04-30,54.41999816894531
2018-05-01,54.77999877929688
2018-05-02,53.70000076293945
2018-05-03,53.220001220703125
2018-05-04,53.93999862670898
2018-05-07,54.29999923706055
2018-05-08,54.77999877929688
2018-05-09,55.31999969482422
2018-05-10,54.41999816894531
2018-05-11,54.2400016784668
2018-05-14,55.380001068115234
2018-05-15,55.13999938964844
2018-05-16,55.619998931884766
2018-05-17,56.27999877929688
2018-05-18,56.040000915527344
2018-05-21,56.400001525878906
2018-05-22,56.27999877929688
2018-05-23,55.91999816894531
2018-05-24,55.02000045776367
2018-05-25,54.720001220703125
2018-05-29,54.720001220703125
2018-05-30,55.7400016784668
2018-05-31,55.91999816894531
2018-06-01,56.400001525878906
2018-06-04,56.93999862670898
2018-06-05,57.0
2018-06-06,56.400001525878906
2018-06-07,56.93999862670898
2018-06-08,56.63999938964844
2018-06-11,57.47999954223633
2018-06-12,57.540000915527344
2018-06-13,56.52000045776367
2018-06-14,56.52000045776367
2018-06-15,54.900001525878906
2018-06-18,55.619998931884766
2018-06-19,55.31999969482422
2018-06-20,55.7400016784668
2018-06-21,55.13999938964844
2018-06-22,55.43999862670898
2018-06-25,54.29999923706055
2018-06-26,55.380001068115234
2018-06-27,54.47999954223633
2018-06-28,54.41999816894531
2018-06-29,54.959999084472656
2018-07-02,54.36000061035156
2018-07-03,54.77999877929688
2018-07-05,54.900001525878906
2018-07-06,55.20000076293945
2018-07-09,55.31999969482422
2018-07-10,55.380001068115234
2018-07-11,54.900001525878906
2018-07-12,55.560001373291016
2018-07-13,55.7400016784668
2018-07-16,55.43999862670898
2018-07-17,55.02000045776367
2018-07-18,55.91999816894531
2018-07-19,57.36000061035156
2018-07-20,56.58000183105469
2018-07-23,56.7599983215332
2018-07-24,56.880001068115234
2018-07-25,57.77999877929688
2018-07-26,58.380001068115234
2018-07-27,57.18000030517578
2018-07-30,58.13999938964844
2018-07-31,58.43999862670898
2018-08-01,58.7400016784668
2018-08-02,60.47999954223633
2018-08-03,60.29999923706055
2018-08-06,60.84000015258789
2018-08-07,60.47999954223633
2018-08-08,60.84000015258789
2018-08-09,60.41999816894531
2018-08-10,60.2400016784668
2018-08-13,59.15999984741211
2018-08-14,59.63999938964844
2018-08-15,58.97999954223633
2018-08-16,59.220001220703125
2018-08-17,59.880001068115234
2018-08-20,60.29999923706055
2018-08-21,59.880001068115234
2018-08-22,60.2400016784668
2018-08-23,60.060001373291016
2018-08-24,60.29999923706055
2018-08-27,60.2400016784668
2018-08-28,59.52000045776367
2018-08-29,59.15999984741211
2018-08-30,58.97999954223633
2018-08-31,58.68000030517578
2018-09-04,59.09999847412109
2018-09-05,59.34000015258789
2018-09-06,58.7400016784668
2018-09-07,58.7400016784668
2018-09-10,59.040000915527344
2018-09-11,59.220001220703125
2018-09-12,59.400001525878906
2018-09-13,59.09999847412109
2018-09-14,58.97999954223633
2018-09-17,58.560001373291016
2018-09-18,58.7400016784668
2018-09-19,58.43999862670898
2018-09-20,58.43999862670898
2018-09-21,58.619998931884766
2018-09-24,57.77999877929688
2018-09-25,57.060001373291016
2018-09-26,56.58000183105469
2018-09-27,57.060001373291016
2018-09-28,57.29999923706055
2018-10-01,58.619998931884766
2018-10-02,58.380001068115234
2018-10-03,58.86000061035156
2018-10-04,58.68000030517578
2018-10-05,58.560001373291016
2018-10-08,58.20000076293945
2018-10-09,59.040000915527344
2018-10-10,58.380001068115234
2018-10-11,57.119998931884766
2018-10-12,56.7599983215332
2018-10-15,56.70000076293945
2018-10-16,58.13999938964844
2018-10-17,57.18000030517578
2018-10-18,57.0
2018-10-19,57.2400016784668
2018-10-22,56.58000183105469
2018-10-23,55.79999923706055
2018-10-24,54.060001373291016
2018-10-25,54.18000030517578
2018-10-26,53.15999984741211
2018-10-29,52.31999969482422
2018-10-30,52.43999862670898
2018-10-31,52.97999954223633
2018-11-01,53.34000015258789
2018-11-02,52.7400016784668
2018-11-05,53.93999862670898
2018-11-06,54.119998931884766
2018-11-07,54.65999984741211
2018-11-08,53.58000183105469
2018-11-09,53.220001220703125
2018-11-12,52.31999969482422
2018-11-13,51.540000915527344
2018-11-14,51.540000915527344
2018-11-15,51.900001525878906
2018-11-16,52.02000045776367
2018-11-19,52.08000183105469
2018-11-20,50.58000183105469
2018-11-21,51.720001220703125
2018-11-23,50.70000076293945
2018-11-26,51.060001373291016
2018-11-27,50.400001525878906
2018-11-28,51.060001373291016
2018-11-29,51.900001525878906
2018-11-30,51.2400016784668
2018-12-03,52.7400016784668
2018-12-04,51.29999923706055
2018-12-06,50.81999969482422
2018-12-07,50.70000076293945
2018-12-10,49.86000061035156
2018-12-11,49.79999923706055
2018-12-12,50.34000015258789
2018-12-13,51.29999923706055
2018-12-14,50.81999969482422
2018-12-17,49.20000076293945
2018-12-18,47.93999862670898
2018-12-19,48.2400016784668
2018-12-20,46.86000061035156
2018-12-21,46.02000045776367
2018-12-24,43.97999954223633
2018-12-26,46.43999862670898
2018-12-27,45.720001220703125
2018-12-28,45.47999954223633
2018-12-31,46.02000045776367
2019-01-02,46.68000030517578
2019-01-03,47.27999877929688
2019-01-04,49.7400016784668
2019-01-07,50.58000183105469
2019-01-08,52.08000183105469
2019-01-09,52.7400016784668
2019-01-10,51.959999084472656
2019-01-11,51.2400016784668
2019-01-14,50.81999969482422
2019-01-15,51.77999877929688
2019-01-16,51.84000015258789
2019-01-17,51.84000015258789
2019-01-18,52.380001068115234
2019-01-22,51.18000030517578
2019-01-23,51.2400016784668
2019-01-24,51.540000915527344
2019-01-25,52.08000183105469
2019-01-28,51.65999984741211
2019-01-29,52.2599983215332
2019-01-30,52.97999954223633
2019-01-31,52.380001068115234
2019-02-01,53.040000915527344
2019-02-04,53.400001525878906
2019-02-05,53.220001220703125
2019-02-06,52.68000030517578
2019-02-07,50.400001525878906
2019-02-08,50.15999984741211
2019-02-11,50.09999847412109
2019-02-12,51.119998931884766
2019-02-13,51.65999984741211
2019-02-14,52.13999938964844
2019-02-15,52.43999862670898
2019-02-19,53.58000183105469
2019-02-20,52.97999954223633
2019-02-21,52.31999969482422
2019-02-22,52.31999969482422
2019-02-25,52.560001373291016
2019-02-26,51.65999984741211
2019-02-27,51.77999877929688
2019-02-28,51.29999923706055
2019-03-01,51.65999984741211
2019-03-04,51.720001220703125
2019-03-05,51.59999847412109
2019-03-06,51.18000030517578
2019-03-07,52.02000045776367
2019-03-08,51.720001220703125
2019-03-11,52.43999862670898
2019-03-12,52.380001068115234
2019-03-13,52.380001068115234
2019-03-14,52.380001068115234
2019-03-15,52.20000076293945
2019-03-18,53.15999984741211
2019-03-19,53.400001525878906
2019-03-20,53.63999938964844
2019-03-21,54.2400016784668
2019-03-22,53.34000015258789
2019-03-25,52.79999923706055
2019-03-26,53.040000915527344
2019-03-27,52.86000061035156
2019-03-28,52.97999954223633
2019-03-29,53.220001220703125
2019-04-01,53.93999862670898
2019-04-02,53.93999862670898
2019-04-03,53.7599983215332
2019-04-04,53.58000183105469
2019-04-05,53.93999862670898
2019-04-08,53.81999969482422
2019-04-09,53.220001220703125
2019-04-10,53.15999984741211
2019-04-11,53.52000045776367
2019-04-12,53.7599983215332
2019-04-15,53.58000183105469
2019-04-16,53.27999877929688
2019-04-17,52.79999923706055
2019-04-18,52.5
2019-04-22,53.34000015258789
2019-04-23,53.34000015258789
2019-04-24,52.91999816894531
2019-04-25,52.79999923706055
2019-04-26,52.86000061035156
2019-04-29,53.09999847412109
2019-04-30,52.68000030517578
2019-05-01,52.91999816894531
2019-05-02,51.959999084472656
2019-05-03,52.68000030517578
2019-05-06,52.31999969482422
2019-05-07,51.2400016784668
2019-05-08,51.540000915527344
2019-05-09,50.81999969482422
2019-05-10,52.97999954223633
2019-05-13,52.31999969482422
2019-05-14,52.68000030517578
2019-05-15,53.15999984741211
2019-05-16,53.58000183105469
2019-05-17,53.34000015258789
2019-05-20,53.220001220703125
2019-05-21,53.81999969482422
2019-05-22,53.7599983215332
2019-05-23,52.619998931884766
2019-05-24,52.7400016784668
2019-05-28,52.31999969482422
2019-05-29,52.20000076293945
2019-05-30,51.77999877929688
2019-05-31,51.47999954223633
2019-06-03,51.84000015258789
2019-06-04,52.31999969482422
2019-06-05,51.84000015258789
2019-06-06,52.08000183105469
2019-06-07,52.20000076293945
2019-06-10,52.31999969482422
2019-06-11,52.5
2019-06-12,52.08000183105469
2019-06-13,52.68000030517578
2019-06-14,52.13999938964844
2019-06-17,51.900001525878906
2019-06-18,51.959999084472656
2019-06-19,52.02000045776367
2019-06-20,52.2599983215332
2019-06-21,52.560001373291016
2019-06-24,52.560001373291016
2019-06-25,52.02000045776367
2019-06-26,52.5
2019-06-27,52.380001068115234
2019-06-28,52.91999816894531
2019-07-01,53.09999847412109
2019-07-02,52.97999954223633
2019-07-03,53.58000183105469
2019-07-05,54.0
2019-07-08,53.70000076293945
2019-07-09,53.63999938964844
2019-07-10,54.36000061035156
2019-07-11,54.59999847412109
2019-07-12,54.540000915527344
2019-07-15,54.36000061035156
2019-07-16,54.540000915527344
2019-07-17,54.119998931884766
2019-07-18,53.880001068115234
2019-07-19,54.0
2019-07-22,54.84000015258789
2019-07-23,54.77999877929688
2019-07-24,54.84000015258789
2019-07-25,54.41999816894531
2019-07-26,54.0
2019-07-29,53.400001525878906
2019-07-30,53.63999938964844
2019-07-31,53.63999938964844
2019-08-01,53.040000915527344
2019-08-02,52.7400016784668
2019-08-05,51.36000061035156
2019-08-06,51.119998931884766
2019-08-07,49.2599983215332
2019-08-08,49.79999923706055
2019-08-09,49.5
2019-08-12,49.02000045776367
2019-08-13,49.560001373291016
2019-08-14,48.65999984741211
2019-08-15,48.65999984741211
2019-08-16,49.560001373291016
2019-08-19,50.220001220703125
2019-08-20,50.27999877929688
2019-08-21,50.459999084472656
2019-08-22,49.91999816894531
2019-08-23,48.65999984741211
2019-08-26,48.59999847412109
2019-08-27,48.41999816894531
2019-08-28,49.02000045776367
2019-08-29,49.7400016784668
2019-08-30,49.619998931884766
2019-09-03,49.380001068115234
2019-09-04,49.5
2019-09-05,49.619998931884766
2019-09-06,49.13999938964844
2019-09-09,49.91999816894531
2019-09-10,49.97999954223633
2019-09-11,50.34000015258789
2019-09-12,49.79999923706055
2019-09-13,51.0
2019-09-16,51.959999084472656
2019-09-17,51.959999084472656
2019-09-18,52.08000183105469
2019-09-19,51.84000015258789
2019-09-20,51.65999984741211
2019-09-23,51.47999954223633
2019-09-24,50.880001068115234
2019-09-25,50.52000045776367
2019-09-26,50.09999847412109
2019-09-27,50.09999847412109
2019-09-30,50.27999877929688
2019-10-01,49.97999954223633
2019-10-02,49.560001373291016
2019-10-03,49.79999923706055
2019-10-04,49.91999816894531
2019-10-07,49.380001068115234
2019-10-08,48.84000015258789
2019-10-09,48.41999816894531
2019-10-10,48.47999954223633
2019-10-11,48.47999954223633
2019-10-14,48.2400016784668
2019-10-15,48.29999923706055
2019-10-16,48.119998931884766
2019-10-17,47.81999969482422
2019-10-18,48.18000030517578
2019-10-21,48.29999923706055
2019-10-22,48.18000030517578
2019-10-23,48.060001373291016
2019-10-24,48.119998931884766
2019-10-25,48.2400016784668
2019-10-28,47.70000076293945
2019-10-29,47.459999084472656
2019-10-30,47.52000045776367
2019-10-31,47.52000045776367
2019-11-01,47.93999862670898
2019-11-04,48.29999923706055
2019-11-05,47.93999862670898
2019-11-06,47.27999877929688
2019-11-07,45.900001525878906
2019-11-08,45.65999984741211
2019-11-11,45.119998931884766
2019-11-12,44.880001068115234
2019-11-13,44.63999938964844
2019-11-14,44.52000045776367
2019-11-15,45.060001373291016
2019-11-18,43.97999954223633
2019-11-19,43.31999969482422
2019-11-20,43.560001373291016
2019-11-21,44.52000045776367
2019-11-22,44.81999969482422
2019-11-25,45.0
2019-11-26,44.27999877929688
2019-11-27,44.34000015258789
2019-11-29,44.040000915527344
2019-12-02,43.619998931884766
2019-12-03,43.20000076293945
2019-12-04,43.560001373291016
2019-12-05,43.31999969482422
2019-12-06,43.619998931884766
2019-12-09,44.70000076293945
2019-12-10,45.720001220703125
2019-12-11,45.720001220703125
2019-12-12,46.08000183105469
2019-12-13,45.41999816894531
2019-12-16,46.380001068115234
2019-12-17,46.619998931884766
2019-12-18,47.34000015258789
2019-12-19,47.040000915527344
2019-12-20,46.97999954223633
2019-12-23,47.70000076293945
2019-12-24,47.81999969482422
2019-12-26,48.36000061035156
2019-12-27,47.58000183105469
2019-12-30,46.97999954223633
2019-12-31,47.27999877929688
2020-01-02,47.7599983215332
2020-01-03,48.29999923706055
2020-01-06,48.959999084472656
2020-01-07,49.31999969482422
2020-01-08,49.02000045776367
2020-01-09,48.84000015258789
2020-01-10,48.47999954223633
2020-01-13,49.08000183105469
2020-01-14,49.43999862670898
2020-01-15,49.43999862670898
2020-01-16,49.68000030517578
2020-01-17,49.380001068115234
2020-01-21,48.18000030517578
2020-01-22,47.220001220703125
2020-01-23,47.220001220703125
2020-01-24,46.20000076293945
2020-01-27,45.59999847412109
2020-01-28,45.65999984741211
2020-01-29,45.720001220703125
2020-01-30,45.18000030517578
2020-01-31,44.459999084472656
2020-02-03,44.34000015258789
2020-02-04,45.060001373291016
2020-02-05,45.540000915527344
2020-02-06,44.880001068115234
2020-02-07,43.31999969482422
2020-02-10,42.65999984741211
2020-02-11,43.08000183105469
2020-02-12,43.86000061035156
2020-02-13,43.560001373291016
2020-02-14,43.560001373291016
2020-02-18,43.31999969482422
2020-02-19,42.959999084472656
2020-02-20,42.720001220703125
2020-02-21,42.2400016784668
2020-02-24,41.040000915527344
2020-02-25,39.119998931884766
2020-02-26,38.09999847412109
2020-02-27,36.29999923706055
2020-02-28,36.36000061035156
2020-03-02,37.5
2020-03-03,36.59999847412109
2020-03-04,36.36000061035156
2020-03-05,35.279998779296875
2020-03-06,32.81999969482422
2020-03-09,23.040000915527344
2020-03-10,25.920000076293945
2020-03-11,25.020000457763672
2020-03-12,20.520000457763672
2020-03-13,22.440000534057617
2020-03-16,19.559999465942383
2020-03-17,17.639999389648438
2020-03-18,14.579999923706056
2020-03-19,17.280000686645508
2020-03-20,18.89999961853028
2020-03-23,17.15999984741211
2020-03-24,17.399999618530273
2020-03-25,18.600000381469727
2020-03-26,18.600000381469727
2020-03-27,17.459999084472656
2020-03-30,17.280000686645508
2020-03-31,18.89999961853028
2020-04-01,18.420000076293945
2020-04-02,19.6200008392334
2020-04-03,19.559999465942383
2020-04-06,19.6200008392334
2020-04-07,19.86000061035156
2020-04-08,20.63999938964844
2020-04-09,21.1200008392334
2020-04-13,22.020000457763672
2020-04-14,22.920000076293945
2020-04-15,21.959999084472656
2020-04-16,21.780000686645508
2020-04-17,23.100000381469727
2020-04-20,22.920000076293945
2020-04-21,23.280000686645508
2020-04-22,23.940000534057617
2020-04-23,25.440000534057617
2020-04-24,25.26000022888184
2020-04-27,25.739999771118164
2020-04-28,26.530000686645508
2020-04-29,28.790000915527344
2020-04-30,28.34000015258789
2020-05-01,26.8700008392334
2020-05-04,27.6200008392334
2020-05-05,27.5
2020-05-06,27.040000915527344
2020-05-07,25.799999237060547
2020-05-08,26.75
2020-05-11,26.440000534057617
2020-05-12,26.200000762939453
2020-05-13,25.31999969482422
2020-05-14,25.68000030517578
2020-05-15,26.489999771118164
2020-05-18,27.8799991607666
2020-05-19,28.270000457763672
2020-05-20,28.770000457763672
2020-05-21,28.739999771118164
2020-05-22,28.799999237060547
2020-05-26,29.700000762939453
2020-05-27,29.96999931335449
2020-05-28,29.690000534057617
2020-05-29,29.549999237060547
2020-06-01,29.459999084472656
2020-06-02,30.14999961853028
2020-06-03,31.190000534057617
2020-06-04,31.940000534057617
2020-06-05,33.560001373291016
2020-06-08,34.900001525878906
2020-06-09,33.18000030517578
2020-06-10,32.689998626708984
2020-06-11,29.229999542236328
2020-06-12,29.3799991607666
2020-06-15,31.14999961853028
2020-06-16,31.299999237060547
2020-06-17,30.81999969482422
2020-06-18,30.68000030517578
2020-06-19,30.07999992370605
2020-06-22,30.489999771118164
2020-06-23,29.81999969482422
2020-06-24,28.229999542236328
2020-06-25,28.049999237060547
2020-06-26,26.75
2020-06-29,26.739999771118164
2020-06-30,27.21999931335449
2020-07-01,26.920000076293945
2020-07-02,26.520000457763672
2020-07-06,25.799999237060547
2020-07-07,25.979999542236328
2020-07-08,25.96999931335449
2020-07-09,25.030000686645508
2020-07-10,25.43000030517578
2020-07-13,24.850000381469727
2020-07-14,24.950000762939453
2020-07-15,26.299999237060547
2020-07-16,26.229999542236328
2020-07-17,26.170000076293945
2020-07-20,26.18000030517578
2020-07-21,27.739999771118164
2020-07-22,27.290000915527344
2020-07-23,26.90999984741211
2020-07-24,26.68000030517578
2020-07-27,26.350000381469727
2020-07-28,26.209999084472656
2020-07-29,27.1200008392334
2020-07-30,26.559999465942383
2020-07-31,26.309999465942383
2020-08-03,26.63999938964844
2020-08-04,27.07999992370605
2020-08-05,27.540000915527344
2020-08-06,28.07999992370605
2020-08-07,27.0
2020-08-10,27.76000022888184
2020-08-11,27.450000762939453
2020-08-12,27.8700008392334
2020-08-13,27.59000015258789
2020-08-14,27.63999938964844
2020-08-17,27.520000457763672
2020-08-18,26.959999084472656
2020-08-19,26.63999938964844
2020-08-20,26.540000915527344
2020-08-21,26.239999771118164
2020-08-24,26.11000061035156
2020-08-25,25.799999237060547
2020-08-26,25.0
2020-08-27,25.3799991607666
2020-08-28,25.940000534057617
2020-08-31,25.440000534057617
2020-09-01,25.229999542236328
2020-09-02,24.989999771118164
2020-09-03,24.690000534057617
2020-09-04,24.6200008392334
2020-09-08,23.979999542236328
2020-09-09,24.1299991607666
2020-09-10,23.549999237060547
2020-09-11,23.3700008392334
2020-09-14,23.82999992370605
2020-09-15,23.38999938964844
2020-09-16,23.920000076293945
2020-09-17,23.6200008392334
2020-09-18,23.350000381469727
2020-09-21,22.850000381469727
2020-09-22,22.65999984741211
2020-09-23,21.61000061035156
2020-09-24,21.459999084472656
2020-09-25,21.459999084472656
2020-09-28,21.989999771118164
2020-09-29,22.350000381469727
2020-09-30,21.959999084472656
2020-10-01,21.809999465942383
2020-10-02,22.11000061035156
2020-10-05,22.989999771118164
2020-10-06,22.459999084472656
2020-10-07,22.530000686645508
2020-10-08,23.920000076293945
2020-10-09,23.959999084472656
2020-10-12,23.979999542236328
2020-10-13,23.82999992370605
2020-10-14,24.290000915527344
2020-10-15,24.34000015258789
2020-10-16,23.81999969482422
2020-10-19,23.5
2020-10-20,23.76000022888184
2020-10-21,23.600000381469727
2020-10-22,24.8700008392334
2020-10-23,24.729999542236328
2020-10-26,23.940000534057617
2020-10-27,23.46999931335449
2020-10-28,22.59000015258789
2020-10-29,23.020000457763672
2020-10-30,22.709999084472656
2020-11-02,22.739999771118164
2020-11-03,22.88999938964844
2020-11-04,22.93000030517578
2020-11-05,23.71999931335449
2020-11-06,21.84000015258789
2020-11-09,23.96999931335449
2020-11-10,24.64999961853028
2020-11-11,24.39999961853028
2020-11-12,24.11000061035156
2020-11-13,24.75
2020-11-16,25.770000457763672
2020-11-17,26.25
2020-11-18,26.14999961853028
2020-11-19,27.0
2020-11-20,26.63999938964844
2020-11-23,27.89999961853028
2020-11-24,28.739999771118164
2020-11-25,28.6299991607666
2020-11-27,27.90999984741211
2020-11-30,26.690000534057617
2020-12-01,26.93000030517578
2020-12-02,27.809999465942383
2020-12-03,29.01000022888184
2020-12-04,30.1200008392334
2020-12-07,29.530000686645508
2020-12-08,29.700000762939453
2020-12-09,29.14999961853028
2020-12-10,30.200000762939453
2020-12-11,29.989999771118164
2020-12-14,29.030000686645508
2020-12-15,29.56999969482422
2020-12-16,29.13999938964844
2020-12-17,28.950000762939453
2020-12-18,28.76000022888184
2020-12-21,28.09000015258789
2020-12-22,27.940000534057617
2020-12-23,28.13999938964844
2020-12-24,27.8799991607666
2020-12-28,27.36000061035156
2020-12-29,27.309999465942383
2020-12-30,27.190000534057617
2020-12-31,27.420000076293945
2021-01-04,27.13999938964844
2021-01-05,28.229999542236328
2021-01-06,29.39999961853028
2021-01-07,29.8799991607666
2021-01-08,29.530000686645508
2021-01-11,29.84000015258789
2021-01-12,31.100000381469727
2021-01-13,31.3799991607666
2021-01-14,31.82999992370605
2021-01-15,31.309999465942383
2021-01-19,31.15999984741211
2021-01-20,30.75
2021-01-21,29.690000534057617
2021-01-22,29.5
2021-01-25,29.479999542236328
2021-01-26,29.3799991607666
2021-01-27,28.64999961853028
2021-01-28,29.270000457763672
2021-01-29,28.96999931335449
2021-02-01,28.96999931335449
2021-02-02,29.290000915527344
2021-02-03,29.76000022888184
2021-02-04,29.89999961853028
2021-02-05,29.309999465942383
2021-02-08,29.770000457763672
2021-02-09,29.3799991607666
2021-02-10,29.700000762939453
2021-02-11,29.799999237060547
2021-02-12,30.1299991607666
2021-02-16,30.59000015258789
2021-02-17,30.540000915527344
2021-02-18,29.57999992370605
2021-02-19,30.049999237060547
2021-02-22,30.540000915527344
2021-02-23,30.920000076293945
2021-02-24,31.950000762939453
2021-02-25,31.36000061035156
2021-02-26,30.6200008392334
2021-03-01,32.13999938964844
2021-03-02,32.5099983215332
2021-03-03,32.720001220703125
2021-03-04,33.20000076293945
2021-03-05,33.560001373291016
2021-03-08,33.59000015258789
2021-03-09,33.029998779296875
2021-03-10,34.290000915527344
2021-03-11,34.34000015258789
2021-03-12,34.70000076293945
2021-03-15,34.68000030517578
2021-03-16,34.06999969482422
2021-03-17,34.20000076293945
2021-03-18,32.68000030517578
2021-03-19,33.02000045776367
2021-03-22,32.900001525878906
2021-03-23,31.6299991607666
2021-03-24,31.81999969482422
2021-03-25,32.04999923706055
2021-03-26,33.20000076293945
2021-03-29,32.810001373291016
2021-03-30,32.5099983215332
2021-03-31,33.08000183105469
2021-04-01,33.68000030517578
2021-04-05,33.540000915527344
2021-04-06,33.7400016784668
2021-04-07,33.790000915527344
2021-04-08,34.0099983215332
2021-04-09,33.61000061035156
2021-04-12,33.529998779296875
2021-04-13,33.56999969482422
2021-04-14,34.08000183105469
2021-04-15,34.290000915527344
2021-04-16,33.91999816894531
2021-04-19,34.09000015258789
2021-04-20,33.720001220703125
2021-04-21,34.439998626708984
2021-04-22,34.150001525878906
2021-04-23,34.709999084472656
2021-04-26,34.95000076293945
2021-04-27,35.04999923706055
2021-04-28,35.880001068115234
2021-04-29,36.34999847412109
2021-04-30,35.33000183105469
2021-05-03,35.77000045776367
2021-05-04,35.939998626708984
2021-05-05,36.20000076293945
2021-05-06,36.43999862670898
2021-05-07,36.209999084472656
2021-05-10,36.56999969482422
2021-05-11,36.20000076293945
2021-05-12,35.779998779296875
2021-05-13,36.4900016784668
2021-05-14,37.060001373291016
2021-05-17,37.52999877929688
2021-05-18,37.18999862670898
2021-05-19,36.38999938964844
2021-05-20,36.97999954223633
2021-05-21,37.18999862670898
2021-05-24,37.59000015258789
2021-05-25,36.93999862670898
2021-05-26,37.27999877929688
2021-05-27,37.22999954223633
2021-05-28,37.02999877929688
2021-06-01,37.790000915527344
2021-06-02,38.209999084472656
2021-06-03,38.290000915527344
2021-06-04,38.43000030517578
2021-06-07,39.08000183105469
2021-06-08,39.33000183105469
2021-06-09,39.61000061035156
2021-06-10,40.45000076293945
2021-06-11,40.790000915527344
2021-06-14,40.9900016784668
2021-06-15,41.09000015258789
2021-06-16,41.31999969482422
2021-06-17,39.54999923706055
2021-06-18,38.810001373291016
2021-06-21,39.7400016784668
2021-06-22,39.43000030517578
2021-06-23,39.2599983215332
2021-06-24,39.09999847412109
2021-06-25,38.47999954223633
2021-06-28,37.56999969482422
2021-06-29,37.84000015258789
2021-06-30,38.650001525878906
2021-07-01,39.02000045776367
2021-07-02,39.220001220703125
2021-07-06,38.709999084472656
2021-07-07,37.970001220703125
2021-07-08,37.72999954223633
2021-07-09,38.5
2021-07-12,38.2599983215332
2021-07-13,37.52999877929688
2021-07-14,36.97999954223633
2021-07-15,36.45000076293945
2021-07-16,35.91999816894531
2021-07-19,34.41999816894531
2021-07-20,35.90999984741211
2021-07-21,35.869998931884766
2021-07-22,35.900001525878906
2021-07-23,35.77000045776367
2021-07-26,36.68999862670898
2021-07-27,36.0099983215332
2021-07-28,36.41999816894531
2021-07-29,36.83000183105469
2021-07-30,36.20000076293945
2021-08-02,35.70000076293945
2021-08-03,35.77000045776367
2021-08-04,34.810001373291016
2021-08-05,34.560001373291016
2021-08-06,33.880001068115234
2021-08-09,33.72999954223633
2021-08-10,34.33000183105469
2021-08-11,34.650001525878906
2021-08-12,35.130001068115234
2021-08-13,34.7400016784668
2021-08-16,34.380001068115234
2021-08-17,34.130001068115234
2021-08-18,33.560001373291016
2021-08-19,32.939998626708984
2021-08-20,33.2400016784668
2021-08-23,33.709999084472656
2021-08-24,33.9900016784668
2021-08-25,34.459999084472656
2021-08-26,33.70000076293945
2021-08-27,34.650001525878906
2021-08-30,34.33000183105469
2021-08-31,34.16999816894531
2021-09-01,34.650001525878906
2021-09-02,35.400001525878906
2021-09-03,35.189998626708984
2021-09-07,35.02000045776367
2021-09-08,34.70000076293945
2021-09-09,34.619998931884766
2021-09-10,34.25
2021-09-13,34.779998779296875
2021-09-14,34.369998931884766
2021-09-15,34.599998474121094
2021-09-16,34.869998931884766
2021-09-17,34.25
2021-09-20,33.2599983215332
2021-09-21,33.310001373291016
2021-09-22,34.06999969482422
2021-09-23,35.09000015258789
2021-09-24,34.689998626708984
2021-09-27,35.68000030517578
2021-09-28,35.31999969482422
2021-09-29,35.470001220703125
2021-09-30,35.27000045776367
2021-10-01,35.75
2021-10-04,36.619998931884766
2021-10-05,36.68000030517578
2021-10-06,35.900001525878906
2021-10-07,36.52000045776367
2021-10-08,37.02000045776367
2021-10-11,37.290000915527344
2021-10-12,37.59000015258789
2021-10-13,37.720001220703125
2021-10-14,38.31999969482422
2021-10-15,38.459999084472656
2021-10-18,38.310001373291016
2021-10-19,38.4900016784668
2021-10-20,39.0099983215332
2021-10-21,38.4900016784668
2021-10-22,38.38999938964844
2021-10-25,38.459999084472656
2021-10-26,37.959999084472656
2021-10-27,37.68999862670898
2021-10-28,37.59000015258789
2021-10-29,37.09000015258789
2021-11-01,37.84999847412109
2021-11-02,37.61000061035156
2021-11-03,37.41999816894531
2021-11-04,37.119998931884766
2021-11-05,36.470001220703125
2021-11-08,37.0
2021-11-09,37.220001220703125
2021-11-10,36.79999923706055
2021-11-11,37.150001525878906
2021-11-12,37.16999816894531
2021-11-15,37.08000183105469
2021-11-16,37.040000915527344
2021-11-17,36.22999954223633
2021-11-18,36.08000183105469
2021-11-19,35.220001220703125
2021-11-22,35.220001220703125
2021-11-23,35.790000915527344
2021-11-24,36.060001373291016
2021-11-26,35.18000030517578
2021-11-29,34.34000015258789
2021-11-30,33.540000915527344
2021-12-01,33.130001068115234
2021-12-02,33.86000061035156
2021-12-03,33.63999938964844
2021-12-06,33.70000076293945
2021-12-07,34.099998474121094
2021-12-08,34.43000030517578
2021-12-09,34.0
2021-12-10,33.869998931884766
2021-12-13,33.08000183105469
2021-12-14,32.84000015258789
2021-12-15,33.130001068115234
2021-12-16,33.4900016784668
2021-12-17,33.2599983215332
2021-12-20,32.79999923706055
2021-12-21,33.540000915527344
2021-12-22,33.720001220703125
2021-12-23,33.84000015258789
2021-12-27,34.459999084472656
2021-12-28,34.529998779296875
2021-12-29,34.45000076293945
2021-12-30,34.470001220703125
2021-12-31,34.97999954223633
2022-01-03,36.06999969482422
2022-01-04,36.83000183105469
2022-01-05,36.43000030517578
2022-01-06,37.06999969482422
2022-01-07,37.5099983215332
2022-01-10,37.52999877929688
2022-01-11,38.459999084472656
2022-01-12,38.88999938964844
2022-01-13,37.97999954223633
2022-01-14,38.709999084472656
2022-01-18,38.790000915527344
2022-01-19,38.47999954223633
2022-01-20,38.18999862670898
2022-01-21,37.380001068115234
2022-01-24,37.22999954223633
2022-01-25,38.27000045776367
2022-01-26,38.31999969482422
2022-01-27,38.31999969482422
2022-01-28,38.41999816894531
2022-01-31,38.79999923706055
2022-02-01,39.72999954223633
2022-02-02,40.119998931884766
2022-02-03,40.119998931884766
2022-02-04,40.459999084472656
2022-02-07,39.75
2022-02-08,39.43000030517578
2022-02-09,39.650001525878906
2022-02-10,39.09000015258789
2022-02-11,40.290000915527344
2022-02-14,39.5099983215332
2022-02-15,39.31999969482422
2022-02-16,39.43000030517578
2022-02-17,39.08000183105469
2022-02-18,38.70000076293945
2022-02-22,37.970001220703125
2022-02-23,38.040000915527344
2022-02-24,37.77000045776367
2022-02-25,38.5099983215332
2022-02-28,39.47999954223633
2022-03-01,39.63999938964844
2022-03-02,40.22999954223633
2022-03-03,40.08000183105469
2022-03-04,40.31999969482422
2022-03-07,40.04999923706055
2022-03-08,40.5
2022-03-09,39.79999923706055
2022-03-10,40.34999847412109
2022-03-11,39.2400016784668
2022-03-14,38.02000045776367
2022-03-15,37.540000915527344
2022-03-16,37.810001373291016
2022-03-17,38.310001373291016
2022-03-18,38.20000076293945
2022-03-21,39.02000045776367
2022-03-22,39.18999862670898
2022-03-23,39.5099983215332
2022-03-24,40.09000015258789
2022-03-25,40.68999862670898
2022-03-28,40.369998931884766
2022-03-29,40.630001068115234
2022-03-30,40.7400016784668
2022-03-31,40.29999923706055
2022-04-01,40.52999877929688
2022-04-04,40.84999847412109
2022-04-05,40.7400016784668
2022-04-06,40.7400016784668
2022-04-07,40.84000015258789
2022-04-08,41.25
2022-04-11,40.709999084472656
2022-04-12,41.83000183105469
2022-04-13,42.150001525878906
2022-04-14,42.11000061035156
2022-04-18,42.040000915527344
2022-04-19,42.40999984741211
2022-04-20,43.119998931884766
2022-04-21,42.70000076293945
2022-04-22,41.7400016784668
2022-04-25,40.56999969482422
2022-04-26,40.2599983215332
2022-04-27,40.27000045776367
2022-04-28,41.27999877929688
2022-04-29,40.36000061035156
2022-05-02,40.34000015258789
2022-05-03,41.36000061035156
2022-05-04,42.54999923706055
2022-05-05,41.70000076293945
2022-05-06,41.380001068115234
2022-05-09,39.20000076293945
2022-05-10,38.88999938964844
2022-05-11,38.369998931884766
2022-05-12,38.2400016784668
2022-05-13,39.68999862670898
2022-05-16,40.2400016784668
2022-05-17,40.91999816894531
2022-05-18,40.060001373291016
2022-05-19,40.04999923706055
2022-05-20,40.310001373291016
2022-05-23,40.900001525878906
2022-05-24,40.79999923706055
2022-05-25,42.0
2022-05-26,41.7599983215332
2022-05-27,42.54999923706055
2022-05-31,42.380001068115234
2022-06-01,42.93999862670898
2022-06-02,43.20000076293945
2022-06-03,43.09999847412109
2022-06-06,43.2400016784668
2022-06-07,43.88999938964844
2022-06-08,43.34999847412109
2022-06-09,43.220001220703125
2022-06-10,42.38999938964844
2022-06-13,40.310001373291016
2022-06-14,39.560001373291016
2022-06-15,38.810001373291016
2022-06-16,37.02999877929688
2022-06-17,36.09000015258789
2022-06-21,37.790000915527344
2022-06-22,36.31999969482422
2022-06-23,35.65999984741211
2022-06-24,36.650001525878906
2022-06-27,37.27999877929688
2022-06-28,37.720001220703125
2022-06-29,37.18000030517578
2022-06-30,36.869998931884766
2022-07-01,37.43000030517578
2022-07-05,36.540000915527344
2022-07-06,35.880001068115234
2022-07-07,37.310001373291016
2022-07-08,37.54999923706055
2022-07-11,37.31999969482422
2022-07-12,36.68999862670898
2022-07-13,36.959999084472656
2022-07-14,36.81999969482422
2022-07-15,37.34000015258789
2022-07-18,38.09000015258789
2022-07-19,38.90999984741211
2022-07-20,38.970001220703125
2022-07-21,38.66999816894531
2022-07-22,38.209999084472656
2022-07-25,39.2599983215332
2022-07-26,39.93000030517578
2022-07-27,40.77000045776367
2022-07-28,41.34999847412109
2022-07-29,41.58000183105469
2022-08-01,41.66999816894531
2022-08-02,41.61000061035156
2022-08-03,41.4900016784668
2022-08-04,40.150001525878906
2022-08-05,39.61000061035156
2022-08-08,39.77999877929688
2022-08-09,40.11000061035156
2022-08-10,40.61000061035156
2022-08-11,41.290000915527344
2022-08-12,41.59000015258789
2022-08-15,41.43000030517578
2022-08-16,41.83000183105469
2022-08-17,41.56999969482422
2022-08-18,42.5099983215332
2022-08-19,42.18000030517578
2022-08-22,42.18000030517578
2022-08-23,42.95000076293945
2022-08-24,43.16999816894531
2022-08-25,43.470001220703125
2022-08-26,43.0099983215332
2022-08-29,43.130001068115234
2022-08-30,42.22999954223633
2022-08-31,42.09999847412109
2022-09-01,41.66999816894531
2022-09-02,42.13999938964844
2022-09-06,41.61000061035156
2022-09-07,41.900001525878906
2022-09-08,42.02000045776367
2022-09-09,42.65999984741211
2022-09-12,42.90999984741211
2022-09-13,42.25
2022-09-14,43.0
2022-09-15,42.47999954223633
2022-09-16,41.83000183105469
2022-09-19,42.02999877929688
2022-09-20,42.0
2022-09-21,41.5
2022-09-22,40.81999969482422
2022-09-23,38.58000183105469
2022-09-26,37.5099983215332
2022-09-27,38.15999984741211
2022-09-28,39.880001068115234
2022-09-29,39.27999877929688
2022-09-30,39.43999862670898
2022-10-03,40.130001068115234
2022-10-04,41.400001525878906
2022-10-05,41.400001525878906
2022-10-06,40.959999084472656
2022-10-07,40.91999816894531
2022-10-10,40.20000076293945
2022-10-11,40.5099983215332
2022-10-12,40.77999877929688
2022-10-13,41.52000045776367
2022-10-14,40.959999084472656
2022-10-17,41.59999847412109
2022-10-18,42.13999938964844
2022-10-19,42.119998931884766
2022-10-20,41.93000030517578
2022-10-21,42.310001373291016
2022-10-24,42.119998931884766
2022-10-25,42.43000030517578
2022-10-26,42.72999954223633
2022-10-27,43.150001525878906
2022-10-28,43.4900016784668
2022-10-31,43.79999923706055
2022-11-01,43.959999084472656
2022-11-02,43.310001373291016
2022-11-03,43.40999984741211
2022-11-04,43.54999923706055
2022-11-07,42.869998931884766
2022-11-08,42.93000030517578
2022-11-09,42.04999923706055
2022-11-10,42.83000183105469
2022-11-11,42.810001373291016
2022-11-14,42.720001220703125
2022-11-15,42.54999923706055
2022-11-16,42.61000061035156
2022-11-17,42.4900016784668
2022-11-18,42.65999984741211
2022-11-21,42.47999954223633
2022-11-22,43.209999084472656
2022-11-23,42.59999847412109
2022-11-25,42.65999984741211
2022-11-28,42.29999923706055
2022-11-29,42.79999923706055
2022-11-30,43.0
2022-12-01,42.52999877929688
2022-12-02,42.900001525878906
2022-12-05,42.27999877929688
2022-12-06,41.59000015258789
2022-12-07,41.2400016784668
2022-12-08,40.68999862670898
2022-12-09,40.29999923706055
2022-12-12,41.02999877929688
2022-12-13,41.63999938964844
2022-12-14,41.220001220703125
2022-12-15,40.77000045776367
2022-12-16,40.86000061035156
2022-12-19,40.0099983215332
2022-12-20,39.959999084472656
2022-12-21,40.77999877929688
2022-12-22,40.43999862670898
2022-12-23,41.34999847412109
2022-12-27,41.130001068115234
2022-12-28,40.59999847412109
2022-12-29,41.02000045776367
2022-12-30,41.290000915527344
2023-01-03,40.720001220703125
2023-01-04,40.68000030517578
2023-01-05,41.4900016784668
2023-01-06,42.43999862670898
2023-01-09,42.5099983215332
2023-01-10,42.36000061035156
2023-01-11,42.68999862670898
2023-01-12,43.06999969482422
2023-01-13,43.02000045776367
2023-01-17,42.970001220703125
2023-01-18,42.34999847412109
2023-01-19,42.380001068115234
2023-01-20,43.0
2023-01-23,43.5
2023-01-24,43.619998931884766
2023-01-25,43.470001220703125
2023-01-26,43.72999954223633
2023-01-27,43.70000076293945
2023-01-30,43.150001525878906
2023-01-31,43.310001373291016
2023-02-01,43.29999923706055
2023-02-02,43.59000015258789
2023-02-03,43.27999877929688
2023-02-06,43.27999877929688
2023-02-07,42.54999923706055
2023-02-08,42.68000030517578
2023-02-09,42.459999084472656
2023-02-10,42.97999954223633
2023-02-13,42.83000183105469
2023-02-14,43.27999877929688
2023-02-15,43.220001220703125
2023-02-16,43.060001373291016
2023-02-17,42.38999938964844
2023-02-21,42.09000015258789
2023-02-22,42.41999816894531
2023-02-23,42.630001068115234
2023-02-24,42.33000183105469
2023-02-27,42.31999969482422
2023-02-28,42.060001373291016
2023-03-01,42.09000015258789
2023-03-02,42.540000915527344
2023-03-03,42.709999084472656
2023-03-06,42.900001525878906
2023-03-07,42.70000076293945
2023-03-08,42.63999938964844
2023-03-09,42.380001068115234
2023-03-10,42.0099983215332
2023-03-13,41.68000030517578
2023-03-14,41.81999969482422
2023-03-15,40.869998931884766
2023-03-16,40.959999084472656
2023-03-17,40.43999862670898
2023-03-20,40.060001373291016
2023-03-21,41.20000076293945
2023-03-22,40.470001220703125
2023-03-23,40.2599983215332
2023-03-24,40.43000030517578
2023-03-27,40.93000030517578
2023-03-28,41.130001068115234
2023-03-29,41.56999969482422
2023-03-30,41.810001373291016
2023-03-31,41.59999847412109
2023-04-03,42.31999969482422
2023-04-04,42.20000076293945
2023-04-05,42.130001068115234
2023-04-06,42.08000183105469
2023-04-10,42.0
2023-04-11,41.97999954223633
2023-04-12,42.400001525878906
2023-04-13,42.43999862670898
2023-04-14,42.2599983215332
2023-04-17,42.52000045776367
2023-04-18,42.150001525878906
2023-04-19,42.0
2023-04-20,41.880001068115234
2023-04-21,42.09000015258789
2023-04-24,42.18999862670898
2023-04-25,41.810001373291016
2023-04-26,41.77999877929688
2023-04-27,42.13999938964844
2023-04-28,42.34999847412109
2023-05-01,42.150001525878906
2023-05-02,41.61000061035156
2023-05-03,41.18999862670898
2023-05-04,40.77000045776367
2023-05-05,40.58000183105469
2023-05-08,40.5099983215332
2023-05-09,40.63999938964844
2023-05-10,40.56999969482422
2023-05-11,40.369998931884766
2023-05-12,40.68000030517578
2023-05-15,41.9900016784668
2023-05-16,41.52000045776367
2023-05-17,41.7400016784668
2023-05-18,42.369998931884766
2023-05-19,42.310001373291016
2023-05-22,42.40999984741211
2023-05-23,42.5
2023-05-24,42.25
2023-05-25,42.20000076293945
2023-05-26,42.040000915527344
2023-05-30,41.77000045776367
2023-05-31,41.36000061035156
2023-06-01,41.810001373291016
2023-06-02,42.33000183105469
2023-06-05,42.34999847412109
2023-06-06,42.400001525878906
2023-06-07,42.77000045776367
2023-06-08,42.880001068115234
2023-06-09,42.459999084472656
2023-06-12,42.0099983215332
2023-06-13,42.11000061035156
2023-06-14,42.2599983215332
2023-06-15,42.630001068115234
2023-06-16,42.93999862670898
2023-06-20,42.5099983215332
2023-06-21,42.54999923706055
2023-06-22,42.290000915527344
2023-06-23,41.869998931884766
2023-06-26,42.25
2023-06-27,42.29999923706055
2023-06-28,42.619998931884766
2023-06-29,42.68000030517578
2023-06-30,42.93000030517578
2023-07-03,43.08000183105469
2023-07-05,43.02000045776367
2023-07-06,42.72999954223633
2023-07-07,43.0
2023-07-10,43.25
2023-07-11,43.369998931884766
2023-07-12,43.560001373291016
2023-07-13,43.75
2023-07-14,43.31999969482422
2023-07-17,43.5099983215332
2023-07-18,43.709999084472656
2023-07-19,43.81999969482422
2023-07-20,43.91999816894531
2023-07-21,43.84999847412109
2023-07-24,44.41999816894531
2023-07-25,44.16999816894531
2023-07-26,44.20000076293945
2023-07-27,44.040000915527344
2023-07-28,44.34999847412109
2023-07-31,44.54999923706055
2023-08-01,44.58000183105469
2023-08-02,44.150001525878906
2023-08-03,43.86000061035156
2023-08-04,43.720001220703125
2023-08-07,42.900001525878906
2023-08-08,43.06999969482422
2023-08-09,42.84999847412109
2023-08-10,42.959999084472656
2023-08-11,43.2400016784668
2023-08-14,43.06999969482422
2023-08-15,42.810001373291016
2023-08-16,42.93000030517578
2023-08-17,43.04999923706055
2023-08-18,43.45000076293945
2023-08-21,43.369998931884766
2023-08-22,43.380001068115234
2023-08-23,43.209999084472656
2023-08-24,43.27000045776367
2023-08-25,43.459999084472656
2023-08-28,43.68999862670898
2023-08-29,43.7400016784668
2023-08-30,43.84999847412109
2023-08-31,43.720001220703125
2023-09-01,44.18999862670898
2023-09-05,44.27999877929688
2023-09-06,43.58000183105469
2023-09-07,43.810001373291016
2023-09-08,43.91999816894531
2023-09-11,43.720001220703125
2023-09-12,44.2599983215332
2023-09-13,44.220001220703125
2023-09-14,44.459999084472656
2023-09-15,44.22999954223633
2023-09-18,44.47999954223633
2023-09-19,44.790000915527344
2023-09-20,44.97999954223633
2023-09-21,44.66999816894531
2023-09-22,44.56999969482422
2023-09-25,44.72999954223633
2023-09-26,44.29999923706055
2023-09-27,44.77000045776367
2023-09-28,44.77000045776367
2023-09-29,44.59000015258789
2023-10-02,44.040000915527344
2023-10-03,43.58000183105469
2023-10-04,43.16999816894531
2023-10-05,43.34999847412109
2023-10-06,43.43999862670898
2023-10-09,44.25
2023-10-10,44.34000015258789
2023-10-11,44.20000076293945
2023-10-12,44.5
2023-10-13,44.810001373291016
2023-10-16,45.09999847412109
2023-10-17,45.0099983215332
2023-10-18,45.18999862670898
2023-10-19,45.400001525878906
2023-10-20,45.11000061035156
2023-10-23,44.83000183105469
2023-10-24,44.93999862670898
2023-10-25,44.790000915527344
2023-10-26,44.43000030517578
2023-10-27,44.18000030517578
2023-10-30,44.130001068115234
2023-10-31,44.27999877929688
2023-11-01,44.63999938964844
2023-11-02,45.58000183105469
2023-11-03,45.90999984741211
2023-11-06,45.560001373291016
2023-11-07,44.22999954223633
2023-11-08,43.43999862670898
2023-11-09,43.68000030517578
2023-11-10,43.83000183105469
2023-11-13,43.959999084472656
2023-11-14,44.40999984741211
2023-11-15,44.58000183105469
2023-11-16,44.20000076293945
2023-11-17,44.90999984741211
2023-11-20,44.900001525878906
2023-11-21,45.02000045776367
2023-11-22,45.20000076293945
2023-11-24,45.20000076293945
2023-11-27,45.25
2023-11-28,45.25
2023-11-29,45.5
2023-11-30,46.119998931884766
2023-12-01,46.2599983215332
2023-12-04,46.16999816894531
2023-12-05,45.66999816894531
2023-12-06,44.959999084472656
2023-12-07,44.79999923706055
2023-12-08,44.66999816894531
2023-12-11,43.97999954223633
2023-12-12,43.66999816894531
2023-12-13,44.13999938964844
2023-12-14,44.540000915527344
2023-12-15,44.38999938964844
2023-12-18,44.34999847412109
2023-12-19,44.619998931884766
2023-12-20,44.209999084472656
2023-12-21,44.43999862670898
2023-12-22,44.29999923706055
2023-12-26,44.41999816894531
2023-12-27,44.130001068115234
2023-12-28,44.11000061035156
2023-12-29,44.29999923706055
2024-01-02,44.68999862670898
2024-01-03,45.0099983215332
2024-01-04,44.68999862670898
2024-01-05,44.869998931884766
2024-01-08,44.81999969482422
2024-01-09,44.86000061035156
2024-01-10,44.880001068115234
2024-01-11,44.77000045776367
2024-01-12,45.150001525878906
2024-01-16,44.56999969482422
2024-01-17,44.45000076293945
2024-01-18,44.2599983215332
2024-01-19,44.22999954223633
2024-01-22,45.0
2024-01-23,45.220001220703125
2024-01-24,45.400001525878906
2024-01-25,45.52999877929688
2024-01-26,46.150001525878906
2024-01-29,46.459999084472656
2024-01-30,46.4900016784668
2024-01-31,46.04999923706055
2024-02-01,45.900001525878906
2024-02-02,45.790000915527344
2024-02-05,45.7400016784668
2024-02-06,45.43000030517578
2024-02-07,44.7400016784668
2024-02-08,44.88999938964844
2024-02-09,44.63999938964844
2024-02-12,45.04999923706055
2024-02-13,44.84000015258789
2024-02-14,44.970001220703125
2024-02-15,45.68000030517578
2024-02-16,46.040000915527344
2024-02-20,46.38999938964844
2024-02-21,46.70000076293945
2024-02-22,46.77999877929688
2024-02-23,46.95000076293945
2024-02-26,46.58000183105469
2024-02-27,46.560001373291016
2024-02-28,46.18999862670898
2024-02-29,46.5099983215332
2024-03-01,47.02000045776367
2024-03-04,46.88999938964844
2024-03-05,47.400001525878906
2024-03-06,47.68999862670898
2024-03-07,47.79999923706055
2024-03-08,47.18999862670898
2024-03-11,47.40999984741211
2024-03-12,47.560001373291016
2024-03-13,47.630001068115234
2024-03-14,46.93000030517578
2024-03-15,47.27999877929688
2024-03-18,47.5
2024-03-19,47.83000183105469
2024-03-20,48.209999084472656
2024-03-21,48.34999847412109
2024-03-22,47.880001068115234
2024-03-25,47.7599983215332
2024-03-26,47.630001068115234
2024-03-27,47.79999923706055
2024-03-28,48.220001220703125
2024-04-01,48.31999969482422
2024-04-02,48.59000015258789
2024-04-03,48.97999954223633
2024-04-04,48.709999084472656
2024-04-05,48.56999969482422
2024-04-08,48.52000045776367
2024-04-09,48.11000061035156
2024-04-10,47.68000030517578
2024-04-11,47.63999938964844
2024-04-12,47.18000030517578
2024-04-15,46.560001373291016
2024-04-16,46.290000915527344
2024-04-17,46.61000061035156
2024-04-18,47.09999847412109
2024-04-19,47.68999862670898
2024-04-22,47.790000915527344
2024-04-23,47.970001220703125
2024-04-24,48.040000915527344
2024-04-25,48.06999969482422
2024-04-26,48.33000183105469
2024-04-29,48.38999938964844
2024-04-30,47.68999862670898
2024-05-01,47.2400016784668
2024-05-02,47.650001525878906
2024-05-03,48.06999969482422
2024-05-06,48.0
2024-05-07,47.45000076293945
2024-05-08,47.77000045776367
2024-05-09,47.84999847412109
2024-05-10,47.310001373291016
2024-05-13,46.84999847412109
2024-05-14,47.33000183105469
2024-05-15,47.45000076293945
2024-05-16,47.29999923706055
2024-05-17,47.43999862670898
2024-05-20,47.79999923706055
2024-05-21,47.720001220703125
2024-05-22,47.20000076293945
2024-05-23,46.33000183105469
2024-05-24,46.470001220703125
2024-05-28,46.54999923706055
2024-05-29,46.31999969482422
2024-05-30,46.20000076293945
2024-05-31,47.0
2024-06-03,46.33000183105469
2024-06-04,46.4900016784668
2024-06-05,46.93999862670898
2024-06-06,47.130001068115234
2024-06-07,47.25
2024-06-10,47.540000915527344
2024-06-11,47.5099983215332
2024-06-12,47.470001220703125
2024-06-13,47.22999954223633
2024-06-14,46.77000045776367
2024-06-17,47.08000183105469
2024-06-18,46.970001220703125
2024-06-20,47.34000015258789
2024-06-21,47.54999923706055
2024-06-24,48.25
2024-06-25,48.29999923706055
2024-06-26,48.40999984741211
2024-06-27,48.47999954223633
2024-06-28,48.5
2024-07-01,48.77000045776367
2024-07-02,48.84000015258789
2024-07-03,49.130001068115234
2024-07-05,48.75
2024-07-08,48.81999969482422
2024-07-09,49.040000915527344
2024-07-10,48.79999923706055
2024-07-11,48.84999847412109
2024-07-12,48.95000076293945
2024-07-15,49.2599983215332
2024-07-16,49.45000076293945
2024-07-17,49.59000015258789
2024-07-18,49.68000030517578
2024-07-19,49.40999984741211
2024-07-22,49.84000015258789
2024-07-23,49.68000030517578
2024-07-24,48.70000076293945
2024-07-25,48.68000030517578
2024-07-26,48.810001373291016
2024-07-29,48.630001068115234
2024-07-30,48.88999938964844
2024-07-31,48.709999084472656
2024-08-01,48.56999969482422
2024-08-02,47.869998931884766
2024-08-05,46.650001525878906
2024-08-06,47.43999862670898
2024-08-07,46.22999954223633
2024-08-08,46.810001373291016
2024-08-09,46.27000045776367
2024-08-12,45.90999984741211
2024-08-13,45.77999877929688
2024-08-14,46.380001068115234
2024-08-15,46.7599983215332
2024-08-16,48.0
2024-08-19,47.77000045776367
2024-08-20,47.40999984741211
2024-08-21,47.29999923706055
2024-08-22,47.33000183105469
2024-08-23,47.52000045776367
2024-08-26,47.90999984741211
2024-08-27,47.209999084472656
2024-08-28,46.869998931884766
2024-08-29,47.83000183105469
2024-08-30,47.91999816894531
2024-09-03,47.619998931884766
2024-09-04,47.290000915527344
2024-09-05,47.68000030517578
2024-09-06,47.2400016784668
2024-09-09,47.0
2024-09-10,47.16999816894531
2024-09-11,47.209999084472656
2024-09-12,47.88999938964844
2024-09-13,48.150001525878906
2024-09-16,48.2599983215332
2024-09-17,48.380001068115234
2024-09-18,48.15999984741211
2024-09-19,47.9900016784668
2024-09-20,47.91999816894531
2024-09-23,48.34000015258789
2024-09-24,48.36000061035156
2024-09-25,48.15999984741211
2024-09-26,47.43000030517578
2024-09-27,47.66999816894531
